98
23
89
44
78
38
17
98
33
65
11
27
2
28
34
51
12
50
96
31
87
41
10
81
36
79
99
87
63
2
55
86
53
65
74
65
65
64
41
15
100
88
95
62
20
84
23
82
61
3
34
10
37
18
98
38
20
46
50
13
6
36
33
32
7
100
53
77
75
3
53
10
35
81
34
96
86
43
13
41
85
22
55
83
21
65
73
90
59
80
77
49
70
68
50
1
1
78
52
10
78
22
60
27
46
91
49
13
6
73
50
42
83
85
14
19
95
30
11
80
39
11
10
77
86
63
51
64
97
97
31
43
97
47
42
9
17
1
59
13
37
55
61
35
70
56
65
83
2
100
10
66
69
20
2
38
83
79
65
35
40
71
16
25
98
99
58
79
21
97
97
81
36
77
83
21
51
45
17
48
70
89
74
92
87
43
72
86
23
88
3
52
22
12
85
2
31
98
51
23
51
91
27
51
67
32
5
81
63
2
37
34
71
85
24
63
11
22
30
7
42
72
92
89
13
49
55
28
30
44
98
54
26
77
60
39
92
95
60
65
15
69
76
81
61
18
65
28
66
31
37
71
60
68
5
61
80
60
98
100
20
85
84
9
34
57
75
4
31
18
59
67
38
33
67
41
91
12
83
59
45
79
36
66
94
27
72
40
87
79
79
24
76
37
98
12
100
31
32
82
23
1
59
84
21
62
28
10
14
84
99
50
29
4
79
20
17
6
46
13
5
39
25
87
82
78
8
70
18
63
71
67
86
86
15
76
91
26
32
65
9
95
88
32
84
68
29
28
38
91
28
67
25
63
48
21
92
64
52
17
72
25
97
14
25
80
45
6
79
9
28
72
66
1
62
15
62
85
64
33
76
12
6
20
96
63
47
91
64
27
83
20
4
8
63
3
15
68
56
47
4
27
73
49
43
75
25
27
63
77
29
53
96
69
24
83
26
99
95
78
90
68
22
49
35
30
76
9
56
74
60
65
35
25
72
55
93
51
65
3
17
79
4
52
26
83
56
16
53
87
65
58
94
53
36
19
74
44
44
9
41
94
58
23
8
56
15
21
3
6
43
77
11
15
99
48
56
28
61
19
38
49
70
78
45
45
3
98
96
66
97
35
67
39
86
83
29
66
96
40
12
30
100
79
99
98
99
16
4
16
92
96
10
33
13
38
81
22
60
49
95
66
37
80
19
7
22
4
45
73
91
61
80
38
90
85
42
70
77
75
61
99
68
40
23
81
85
94
57
54
77
80
72
65
43
75
33
37
67
21
54
99
47
63
63
59
9
74
90
29
85
61
68
10
58
12
21
10
63
1
72
98
64
22
10
3
93
56
17
23
69
24
49
11
48
46
93
81
22
55
87
58
64
59
20
66
19
85
5
70
61
59
49
36
90
10
30
25
31
87
81
82
56
59
29
62
31
95
75
100
63
69
12
66
22
72
55
38
48
49
32
82
99
93
81
33
52
25
38
88
67
10
34
10
40
92
46
70
94
35
79
38
75
43
88
18
14
75
76
54
65
70
47
43
61
71
67
79
74
58
55
83
61
50
82
90
69
14
87
65
69
69
21
88
27
44
30
24
28
29
80
43
37
52
25
65
71
67
21
83
14
2
51
88
68
40
70
99
9
64
58
100
56
18
3
59
60
97
65
66
34
54
88
72
25
28
66
35
21
90
55
18
67
56
37
16
70
13
99
84
95
73
28
3
26
12
75
22
26
91
78
79
65
7
39
28
81
74
87
9
37
2
3
17
98
15
48
43
93
54
50
2
16
79
20
20
67
34
94
61
100
32
38
37
42
96
42
79
92
79
26
76
28
12
41
75
39
77
26
23
23
15
72
91
23
57
77
71
24
73
95
3
96
86
20
72
46
7
37
24
81
90
16
58
19
35
5
77
56
29
40
78
12
59
7
71
65
35
99
54
69
11
51
63
72
32
91
37
52
34
3
82
72
67
7
72
5
20
32
32
1
63
98
78
100
45
58
61
14
23
45
81
94
38
90
36
14
9
43
13
17
55
56
9
18
3
26
30
26
79
20
51
55
47
65
76
39
71
61
31
64
55
71
95
49
90
14
72
84
72
31
43
14
72
27
4
9
17
57
84
19
83
11
45
50
41
75
83
64
81
58
76
52
46
98
17
60
26
66
58
99
24
64
63
93
30
49
25
2
16
88
34
58
49
45
6
93
78
59
81
77
55
2
55
74
11
14
5
15
10
49
6
99
100
30
63
47
82
39
15
64
26
49
86
68
29
59
75
5
61
